"id","sex_male","albi_grade","ln_afp","ln_tumor_size_cm","tumor_count"
"106123198",1,1,8.04112319894052,1.30833281965018,1
"100055194",1,NA,1.33500106673234,2.14006616349627,8
"107808467",1,2,7.51376380172532,2.58776403522771,4
"108002000",1,1,0.955511445027436,2.2082744135228,1
"108076256",1,2,NA,3.13549421592915,3
"108091710",0,1,3.57515068878559,2.19722457733622,4
"107722514",0,1,1.54756250871601,0.641853886172395,1
"108227856",1,1,2.4423470353692,1.6094379124341,2
"108112275",1,2,1.54756250871601,0.693147180559945,9
"108286897",1,1,2.80336038090653,2.01490302054226,2
"108248411",1,1,1.52605630349505,2.484906649788,4
"104239521",1,1,2.19722457733622,1.70474809223843,1
"100020378",0,1,2.2690283094652,0.916290731874155,1
"104226738",1,2,2.61739583283408,1.28093384546206,2
"104260480",1,1,1.38629436111989,0.993251773010283,1
"104256931",1,2,1.75785791755237,1.38629436111989,2
"104267645",0,1,0.641853886172395,1.79175946922805,1
"104260503",1,1,2.99071973173045,0.993251773010283,3
"104265252",1,1,2.484906649788,0.8754687373539,1
"104268783",1,1,1.62924053973028,0.8754687373539,1
"104260435",1,1,1.58923520511658,1.50407739677627,1
"104277460",0,1,6.71137536493714,0.741937344729377,1
"104273710",1,2,11.1293769246813,2.60268968544438,2
"104282785",1,1,1.1314021114911,0.78845736036427,1
"104284893",1,2,5.42934562895444,1.87180217690159,2
"103748275",1,1,1.16315080980568,1.62924053973028,1
"104288459",1,2,0.832909122935104,1.28093384546206,1
"103050439",1,2,2.67414864942653,0.405465108108164,4
"100518262",1,2,6.09807428216624,1.02961941718116,1
"104305756",1,1,3.72569342723665,1.38629436111989,1
"104292652",1,2,2.37024374146786,0.78845736036427,1
"104308449",1,1,1.66770682055808,2.07944154167984,1
"102240648",1,1,3.8649313978943,1.33500106673234,1
"104312134",1,1,2.17475172148416,2.26176309847379,1
"104325875",1,1,2.24070968927596,0.78845736036427,1
"104330844",1,2,11.0827269934414,2.39789527279837,2
"103145331",1,1,3.72569342723665,1.25276296849537,1
"100195779",1,1,6.50678505373523,1.16315080980568,2
"104333414",0,1,7.99361999482774,1.70474809223843,4
"104342599",1,2,1.96009478404727,2.12823170584927,1
"102347842",1,1,1.75785791755237,1.94591014905531,7
"104317605",1,2,3.1904763503465,1.50407739677627,1
"104198112",1,2,3.3322045101752,0.78845736036427,2
"104356543",1,2,3.58905911883173,1.25276296849537,1
"102361190",1,1,1.7404661748405,1.09861228866811,2
"102124816",1,1,4.39197696552705,1.22377543162212,1
"100604341",1,2,9.71440720649762,2.57261223020711,5
"104375304",1,1,3.08190996979504,1.09861228866811,1
"104391236",1,2,5.17445337932565,1.54756250871601,1
"104393166",0,2,3.8286413964891,1.25276296849537,1
"104375896",1,2,4.84968376303849,1.87180217690159,1
"104378411",0,2,1.64865862558738,1.87180217690159,1
"104391142",0,2,1.84054963339749,0.693147180559945,1
"104393506",0,1,8.12787698504744,-0.22314355131421,1
"104402170",1,2,3.55248682920838,1.64865862558738,1
"104397366",1,1,5.23590990641942,1.56861591791385,1
"101797820",0,2,6.75576892198425,0.832909122935104,1
"104408763",1,1,0.587786664902119,2.63905732961526,1
"104417699",1,1,1.54756250871601,1.19392246847243,1
"104409872",1,2,1.96009478404727,1.50407739677627,1
"104434371",1,1,9.10395711127067,1.38629436111989,1
"104421805",1,2,1.7404661748405,0.916290731874155,3
"104449609",1,1,7.72621265050753,1.94591014905531,1
"103970373",0,2,9.32223946447359,1.16315080980568,1
"104451529",1,1,2.26176309847379,1.43508452528932,1
"104460785",1,1,1.16315080980568,1.09861228866811,1
"104462246",0,1,2.26176309847379,1.33500106673234,3
"104470827",1,1,6.17565934828362,1.38629436111989,2
"104472854",1,1,0.693147180559945,2.39789527279837,1
"104472003",1,1,9.5268649707877,1.70474809223843,1
"104469016",1,2,11.8710333817128,2.9704144655697,20
"104483500",1,1,1.6094379124341,0.405465108108164,1
"104486484",1,1,5.32349766507834,2.56494935746154,2
"104480943",0,1,1.30833281965018,0.741937344729377,2
"104504418",1,2,2.28238238567653,1.16315080980568,1
"104482174",1,1,5.42186155263949,0.693147180559945,1
"103698590",1,2,9.18471482433721,1.50407739677627,1
"102519227",1,2,7.96217183290755,0.693147180559945,3
"104505190",1,1,1.45861502269952,0.916290731874155,2
"104499866",0,2,3.20274644293832,0.955511445027436,1
"104510826",1,1,2.01490302054226,1.25276296849537,3
"104525714",1,2,4.23988686751276,1.79175946922805,2
"104517065",1,1,4.03953632572711,0.693147180559945,1
"104515630",1,1,10.9176125487586,2.89037175789616,3
"104523169",0,1,1.43508452528932,0.916290731874155,2
"101104468",0,2,7.38832785957711,0.693147180559945,2
"100118934",1,1,1.66770682055808,1.6094379124341,1
"104548319",1,1,7.46799944087785,1.02961941718116,1
"104443511",1,1,1.70474809223843,1.6094379124341,1
"104557106",1,1,3.01062088604774,2.2512917986065,1
"104556796",1,1,8.11435463090995,1.79175946922805,1
"104567552",0,2,3.07269331469012,1.87180217690159,1
"104531326",1,2,1.3609765531356,1.28093384546206,1
"104570549",1,1,2.16332302566054,1.25276296849537,2
"104581677",0,2,3.16968558067743,0.262364264467491,1
"104575599",1,1,6.18084446826938,0.641853886172395,8
"104576446",1,1,6.98193467715639,1.09861228866811,1
"104581758",1,1,5.49839697826369,2.59525470695687,10
"104593296",1,1,3.32503602069659,1.91692261218206,1
"102775867",0,2,4.88128562206841,1.09861228866811,1
"104600228",1,1,0.916290731874155,1.43508452528932,3
"100802732",1,2,1.64865862558738,1.22377543162212,1
"104611440",1,1,0.916290731874155,1.58923520511658,1
"104625818",0,2,7.67582438605934,1.02961941718116,1
"104630188",1,1,5.86844909621144,2.484906649788,2
"104630890",0,2,3.62167070442049,1.84054963339749,2
"104644530",1,1,2.23001440015921,0.955511445027436,1
"104621427",1,2,2.99071973173045,1.50407739677627,3
"104161877",1,1,1.41098697371026,1.09861228866811,1
"104644255",0,2,1.30833281965018,2.16332302566054,1
"104662855",1,1,2.4932054526027,0.916290731874155,1
"104256795",1,1,3.98898404656427,1.97408102602201,1
"104686433",1,1,8.91395385889425,1.70474809223843,1
"104686381",1,1,1.64865862558738,0.832909122935104,1
"104686394",1,2,7.39547602903303,1.6094379124341,1
"104692980",1,2,1.48160454092422,2.77258872223978,5
"104696601",1,1,1.6094379124341,-0.22314355131421,1
"100310156",1,2,3.38777436133001,0.78845736036427,2
"104703400",0,1,2.99573227355399,1.79175946922805,1
"104703523",1,1,1.06471073699243,0.78845736036427,1
"104708955",1,1,1.85629799036563,2.63905732961526,10
"104714981",1,1,6.82871207164168,-0.356674943938732,1
"104716918",1,1,2.80336038090653,0.405465108108164,7
"104717933",1,2,11.6320835548061,2.484906649788,30
"100344575",1,1,5.63192837088822,1.84054963339749,6
"104684574",0,1,3.8607297110406,0.53062825106217,1
"104736008",1,1,6.19746193958722,2.27212588550934,1
"103170775",1,2,6.9422533193897,1.28093384546206,2
"104751054",1,2,2.76631910922619,2.30258509299405,4
"104729895",1,2,10.3478560157525,1.94591014905531,4
"104757362",1,1,1.91692261218206,1.50407739677627,1
"101836493",1,1,1.3609765531356,0.587786664902119,1
"104755050",1,1,1.25276296849537,0.182321556793955,1
"101645257",0,1,8.91030227731482,0.832909122935104,3
"104772347",1,2,1.7404661748405,2.56494935746154,1
"102931669",1,1,10.2625596210746,2.19722457733622,1
"102847850",1,1,1.19392246847243,1.22377543162212,1
"104776165",1,2,7.28502665271952,0.693147180559945,1
"104773524",1,2,4.54965747605783,0.336472236621213,1
"104795751",1,1,1.41098697371026,1.79175946922805,3
"104813604",1,1,0.587786664902119,0.693147180559945,1
"104820121",1,1,1.97408102602201,0.405465108108164,1
"104823694",0,1,2.37954613413017,2.39789527279837,1
"104822158",1,1,2.31253542384721,1.02961941718116,2
"104825812",0,2,1.06471073699243,2.28238238567653,4
"104825126",1,1,4.66908351173174,0,2
"104651073",1,1,3.8286413964891,0.832909122935104,1
"104832465",1,1,3.43720781918519,2.99573227355399,1
"104823157",1,1,2.04122032885964,0.587786664902119,1
"103667369",1,1,0.993251773010283,0.741937344729377,1
"104850625",1,2,2.83907846350861,1.50407739677627,1
"104837101",1,2,9.59829302833305,0.693147180559945,1
"104854391",1,1,1.50407739677627,0.53062825106217,2
"104858070",0,1,1.97408102602201,1.25276296849537,1
"104848983",1,2,0.741937344729377,1.56861591791385,1
"100382139",1,2,1.52605630349505,1.30833281965018,1
"104865283",1,1,2.86220088092947,1.28093384546206,2
"104876531",1,1,10.6242255807672,2.63905732961526,10
"104878982",1,2,4.97050750300548,2.4423470353692,10
"104884617",1,1,5.68255883820457,0.916290731874155,2
"104898140",1,1,12.6944916044353,2.484906649788,10
"104896320",1,2,9.59857793441772,1.43508452528932,1
"104894306",1,2,3.45315712059287,1.70474809223843,1
"104668121",1,1,1.02961941718116,1.79175946922805,1
"104917416",1,2,3.9740583963476,0.916290731874155,1
"104928078",1,1,1.30833281965018,0.470003629245736,1
"104871345",1,1,2.92852352386054,1.38629436111989,2
"104950680",0,1,3.32862668882732,2.16332302566054,1
"104948993",1,2,3.20680324363393,2.484906649788,10
"104951715",1,2,6.67620146030796,2.70805020110221,4
"104951430",1,1,2.21920348405499,1.70474809223843,1
"104960735",0,1,6.71392778200198,1.6094379124341,1
"104967563",1,1,2.29253475714054,2.39789527279837,4
"103409501",1,2,2.67414864942653,0.916290731874155,10
"104977100",1,1,8.1183262673363,1.22377543162212,1
"103565704",1,1,3.37758751602302,0.262364264467491,1
"104978617",1,1,1.02961941718116,1.85629799036563,1
"104986667",1,1,1.58923520511658,1.6094379124341,4
"104993294",1,2,2.53369681395743,1.54756250871601,2
"103496514",0,1,6.42842832227552,0.693147180559945,2
"105008201",1,2,2.18605127673809,2.484906649788,10
"105012734",0,2,10.5248137591518,2.89037175789616,10
"105017409",1,1,9.95821245222537,2.2512917986065,2
"105024285",0,1,1.33500106673234,1.38629436111989,1
"105025051",1,2,1.64865862558738,-1.20397280432594,1
"105025048",0,2,9.45693478962314,2.56494935746154,1
"101230581",1,1,5.0587903359833,0.587786664902119,1
"105046687",1,1,1.30833281965018,0.916290731874155,1
"105055636",1,1,1.6094379124341,1.16315080980568,1
"105067394",1,2,2.16332302566054,1.94591014905531,10
"105069648",1,2,1.50407739677627,0.993251773010283,2
"105088179",1,1,10.6158121649983,2.77258872223978,1
"105077326",1,2,3.62434093297637,0.8754687373539,1
"105102932",1,1,10.0600082787262,1.70474809223843,2
"100138888",0,2,7.74586822979227,1.70474809223843,10
"105116737",1,2,4.74666974826179,2.56494935746154,1
"105114564",1,2,2.05412373369555,0.916290731874155,2
"105080180",1,2,1.87180217690159,2.2512917986065,2
"105130221",0,1,1.56861591791385,0.182321556793955,1
"103224618",1,2,1.3609765531356,1.09861228866811,2
"103903256",0,1,6.36972973528949,2.01490302054226,1
"105133972",0,1,7.70142629730838,1.70474809223843,2
"105138333",1,1,1.16315080980568,2.04122032885964,1
"105144398",1,1,3.9926809084456,0.693147180559945,2
"104584904",1,1,3.41772668361337,2.50959926237837,1
"105142358",1,1,2.26176309847379,1.6094379124341,10
"105150052",1,2,11.0076245518469,1.25276296849537,2
"105166994",1,2,11.185850931284,2.39789527279837,1
"105151268",1,1,9.2500321280175,1.79175946922805,1
"105157194",1,1,9.2179215619965,1.90210752639692,2
"105153240",1,1,1.02961941718116,0.741937344729377,1
"105157615",1,2,7.05996121187147,1.90210752639692,1
"105169085",1,1,2.77881927199042,1.6094379124341,1
"105179172",1,2,4.71312732749318,0.53062825106217,1
"105160990",1,2,1.7404661748405,1.50407739677627,1
"101663103",1,1,5.06890420222023,1.50407739677627,1
"105187151",0,1,5.84614971594312,1.87180217690159,10
"105190656",1,2,0.641853886172395,2.7408400239252,2
"102990176",1,1,2.07944154167984,1.50407739677627,1
"105204021",1,2,6.58947653255289,3.11351530921037,1
"103970577",0,2,4.17130560335823,1.6094379124341,1
"105210031",0,1,2.37024374146786,0.78845736036427,1
"105210659",1,2,3.86911550441687,1.25276296849537,1
"105207280",1,1,0.78845736036427,2.30258509299405,1
"105221457",1,2,3.22684399451738,1.88706964903238,1
"105225107",1,1,0.693147180559945,2.39789527279837,1
"105242122",1,2,5.96794000206102,2.56494935746154,1
"105235155",1,2,0.693147180559945,2.30258509299405,1
"104242440",1,2,2.07944154167984,1.6094379124341,2
"105254398",1,2,1.02961941718116,1.94591014905531,1
"103823543",1,1,2.59525470695687,1.54756250871601,1
"105256639",1,1,3.65842024662923,1.09861228866811,1
"105249060",1,1,7.60574073618233,0.8754687373539,1
"105251650",1,2,1.79175946922805,1.43508452528932,3
"105244874",1,2,NA,2.70805020110221,1
"105262717",1,1,10.5327759808633,2.19722457733622,1
"105272781",1,1,1.70474809223843,1.6094379124341,1
"105261310",0,1,4.21360798304892,1.79175946922805,1
"105272820",0,2,1.19392246847243,1.79175946922805,1
"104872289",1,1,2.23001440015921,1.09861228866811,2
"105270615",1,1,1.19392246847243,1.50407739677627,1
"105277029",1,1,5.84759417668828,0.693147180559945,1
"105288173",1,2,11.9749763044485,2.63905732961526,2
"105277210",1,1,2.2082744135228,1.16315080980568,1
"105297834",0,2,5.9295891433899,1.09861228866811,2
"105300640",1,1,3.25424296870549,2.70805020110221,5
"102331780",1,1,14.2129434943752,2.52572864430826,10
"105312311",1,2,4.45550941143368,1.50407739677627,10
"105301636",1,1,1.50407739677627,0.53062825106217,2
"105310203",0,1,4.14630430115281,-0.105360515657826,2
"103355891",1,2,3.07269331469012,2.4423470353692,1
"105308901",1,1,2.4932054526027,1.50407739677627,1
"105317743",0,1,6.91849737551404,0.916290731874155,1
"105320510",1,1,4.0842942263686,2.63905732961526,4
"103430800",1,1,0.641853886172395,2.14006616349627,1
"105317293",1,1,5.24280465661778,2.4423470353692,1
"105344884",1,2,10.0860924025321,2.484906649788,1
"105345045",1,1,8.16621626859214,1.25276296849537,1
"105347519",1,1,8.11000660240973,1.50407739677627,1
"105363991",1,1,12.5010299392645,2.56494935746154,1
"105354515",1,1,1.41098697371026,0.78845736036427,1
"105374139",1,1,1.1314021114911,1.79175946922805,1
"105374074",1,2,1.30833281965018,2.4423470353692,2
"105380893",1,1,13.9009200693186,2.60268968544438,1
"105377835",0,1,11.2132787676699,1.94591014905531,1
"105365151",1,2,9.12868553218236,2.30258509299405,1
"100261108",1,1,2.34180580614733,1.25276296849537,1
"103922648",1,2,4.60517018598809,1.02961941718116,1
"105380712",1,1,3.44361809754611,0.405465108108164,2
"105392593",0,1,6.70563909486,1.54756250871601,1
"105378083",1,2,4.55912624748668,1.25276296849537,2
"105395642",0,2,4.16976120150686,1.87180217690159,2
"105198975",1,2,8.14194686189207,1.50407739677627,3
"105415632",1,1,1.1314021114911,1.33500106673234,1
"105420452",1,1,1.09861228866811,1.09861228866811,1
"105426618",1,2,6.25171118637369,2.01490302054226,3
"105407705",1,1,8.72077056747728,1.25276296849537,1
"105437885",1,1,1.64865862558738,2.30258509299405,14
"105429550",1,1,1.45861502269952,1.45861502269952,1
"100540065",1,2,10.1349246173948,2.484906649788,1
"105446973",1,1,1.64865862558738,0.916290731874155,2
"105463846",1,1,0.78845736036427,2.89037175789616,1
"101895159",1,1,4.07584109065754,2.484906649788,10
"105457030",1,1,0.741937344729377,1.70474809223843,1
"105463082",1,1,1.30833281965018,1.09861228866811,1
"105469044",0,2,1.41098697371026,0.916290731874155,2
"105463752",1,1,1.62924053973028,1.38629436111989,1
"105468236",1,2,3.76815263500844,2.484906649788,2
"103746950",1,1,7.01283575543264,2.35137525716348,3
"105487084",1,1,2.4248027257183,1.28093384546206,2
"105472769",1,2,4.30406509320417,0.78845736036427,1
"105476422",1,1,1.3609765531356,1.70474809223843,1
"105488753",0,2,0.641853886172395,1.54756250871601,1
"104822349",1,1,3.23867845216438,1.06471073699243,1
"105495759",1,1,6.69616967650166,0.53062825106217,1
"105502299",0,1,8.48376049532784,1.6094379124341,2
"105512140",1,2,10.5234805367228,2.63905732961526,2
"105504747",1,1,4.50202942706858,1.19392246847243,1
"105511413",1,1,5.56566917252657,1.97408102602201,1
"105504491",1,1,5.23057371446152,0.587786664902119,1
"105514656",1,1,10.5844482789818,2.01490302054226,3
"105529832",1,2,11.9979242281297,2.7408400239252,10
"103948143",1,1,7.42039924855491,0.693147180559945,2
"105532858",1,2,4.254193263164,2.01490302054226,1
"101012754",1,2,4.56746831880408,0.405465108108164,1
"103372133",1,2,1.84054963339749,1.56861591791385,1
"100064596",1,1,9.59328716865375,1.94591014905531,3
"105535680",1,1,2.51769647261099,1.09861228866811,1
"105542398",0,2,3.13113691056019,1.09861228866811,2
"105536896",1,2,7.43950055300063,1.6094379124341,1
"105554920",1,1,10.3630335660315,1.82454929205105,1
"103378331",1,1,4.75100063419963,0.587786664902119,1
"104365398",1,2,2.04122032885964,-0.356674943938732,1
"105562640",1,1,0.832909122935104,0.916290731874155,1
"105556261",1,2,3.39450839351136,1.6094379124341,2
"104563255",1,2,2.92316158071916,1.38629436111989,1
"105592827",1,2,3.74242022104197,1.43508452528932,3
"105606205",1,2,12.2996540591517,2.39789527279837,2
"105603075",1,1,4.05352256770185,2.83321334405622,4
"105599419",1,1,1.1314021114911,0.641853886172395,1
"105604540",1,1,9.01068138678478,1.25276296849537,2
"105616619",1,1,2.00148000021012,1.02961941718116,1
"105638215",0,2,0.8754687373539,1.52605630349505,1
"105639447",1,2,0.741937344729377,1.98787434815435,1
"105618675",1,1,0.693147180559945,2.24070968927596,1
"105646375",1,1,5.66330764209048,2.19722457733622,3
"102879378",1,1,2.28238238567653,0.916290731874155,1
"105661499",1,2,4.44265125649032,2.07944154167984,1
"105659621",1,1,1.97408102602201,0.832909122935104,1
"105635975",1,1,0.832909122935104,1.25276296849537,2
"105688197",1,2,7.70400041754565,2.63905732961526,1
"105019054",1,1,2.34180580614733,1.30833281965018,1
"105687389",1,1,2.11625551480255,0.993251773010283,1
"105694615",1,1,9.3994471900643,1.62924053973028,1
"105688579",1,1,1.77495235091167,0.955511445027436,1
"105700651",1,1,1.50407739677627,1.66770682055808,1
"102436711",1,2,4.63375764284,1.16315080980568,2
"105712377",1,1,2.34180580614733,1.38629436111989,1
"105713538",1,1,1.22377543162212,0.741937344729377,3
"105699115",1,1,2.82731362192903,1.06471073699243,2
"105724404",1,2,1.97408102602201,0.916290731874155,2
"105731235",1,1,2.00148000021012,0.916290731874155,1
"103485460",1,1,0.741937344729377,0.916290731874155,1
"105719914",1,1,4.53474772169155,0.916290731874155,2
"105738403",1,2,1.64865862558738,0.405465108108164,1
"105738238",1,1,1.50407739677627,1.16315080980568,1
"105741432",1,1,5.87717540070585,1.43508452528932,2
"105752544",1,1,3.24259235148552,0.78845736036427,1
"105748008",1,1,1.94591014905531,2.07944154167984,1
"105735228",0,1,2.11625551480255,0.832909122935104,1
"105742347",0,1,5.10230248262208,0.78845736036427,1
"105750834",1,1,13.3450540261737,2.77258872223978,10
"105756090",1,1,1.02961941718116,2.484906649788,1
"105787658",1,1,1.38629436111989,1.50407739677627,1
"105759343",1,2,1.50407739677627,2.01490302054226,1
"105785184",1,2,8.58492660345033,2.30258509299405,2
"103845495",1,2,2.76000994003292,0.993251773010283,1
"101229712",1,2,8.52289689433292,1.6094379124341,1
"105773361",1,1,7.1731917424866,1.52605630349505,2
"105796241",1,2,1.50407739677627,0.916290731874155,1
"105795789",1,1,11.6271198468823,2.63905732961526,1
"105813344",1,2,0.78845736036427,2.96527306606928,2
"104933733",0,2,6.30444880242198,1.7227665977411,1
"105792863",0,2,8.77524045873833,0.916290731874155,1
"105800580",1,2,1.43508452528932,0.832909122935104,1
"105812785",1,2,1.30833281965018,2.56494935746154,1
"105809617",1,2,2.53369681395743,1.87180217690159,7
"105796050",1,1,1.54756250871601,1.50407739677627,2
"100220657",1,1,1.45861502269952,1.50407739677627,1
"105825879",1,2,3.05870707271538,1.02961941718116,4
"105688906",1,1,9.49362278008328,0.53062825106217,1
"105827657",0,1,2.47653840011748,1.6094379124341,1
"105843220",1,2,3.87120101090789,2.484906649788,1
"105842412",1,1,11.427504822092,2.33214389523559,1
"105827822",0,1,0.53062825106217,1.97408102602201,1
"105829875",0,2,3.05400118167797,0.693147180559945,1
"105853867",0,2,12.8445471437875,2.2512917986065,14
"105866472",1,2,6.66440902035041,1.79175946922805,10
"105427183",0,1,4.0876555740713,0.993251773010283,1
"101774995",1,2,1.45861502269952,1.98787434815435,1
"105233348",1,1,1.02961941718116,0.405465108108164,1
"102931928",0,1,6.95234616231001,1.22377543162212,1
"105710269",1,1,1.84054963339749,-0.22314355131421,5
"105880487",1,1,4.61115225766564,1.19392246847243,2
"105890066",1,1,2.62466859216316,0.53062825106217,2
"105892802",1,1,2.61739583283408,2.15176220325946,1
"104872645",1,2,1.7227665977411,1.3609765531356,1
"105907069",1,2,1.1314021114911,2.99573227355399,1
"105890875",1,1,0.916290731874155,1.6094379124341,1
"102931290",0,1,7.75340893125685,1.7404661748405,16
"105902446",1,1,4.58700621536042,1.38629436111989,1
"105906390",1,1,1.16315080980568,0.336472236621213,2
"105912025",1,2,1.28093384546206,2.36085400111802,1
"105920279",0,2,11.9640590444342,2.61739583283408,1
"105929254",1,1,11.0180027174837,2.63905732961526,1
"105921977",1,2,7.77649308099674,1.50407739677627,2
"105857960",1,1,4.82350218030508,0.78845736036427,1
"105942176",1,1,3.70622809244855,2.72129542785223,1
"105944938",1,NA,3.41114771251532,1.6094379124341,1
"105931417",1,1,1.19392246847243,2.19722457733622,1
"105954575",1,1,2.04122032885964,2.01490302054226,1
"105937589",1,2,2.28238238567653,1.50407739677627,1
"105958380",0,2,4.67562864963665,1.09861228866811,2
"105933910",1,2,3.54961738678043,0.993251773010283,1
"105983591",1,2,1.75785791755237,1.7404661748405,1
"105976391",0,2,3.60277675506052,1.79175946922805,2
"105998010",1,1,1.19392246847243,2.77258872223978,4
"105578553",0,1,6.53000260944051,0.693147180559945,1
"106003483",1,2,1.96009478404727,2.86220088092947,1
"106001317",0,1,1.25276296849537,1.1314021114911,1
"106008844",0,1,8.90067168907225,1.50407739677627,1
"104530835",1,1,3.56953269648137,1.75785791755237,3
"106021685",1,2,6.28543927918278,1.58923520511658,1
"106002060",1,1,1.22377543162212,2.28238238567653,1
"106026923",1,1,1.19392246847243,1.38629436111989,1
"106034928",1,2,4.31882055877009,2.07944154167984,2
"106008831",0,2,5.41387570718231,1.6094379124341,2
"106023586",1,2,3.10458667846607,0.693147180559945,1
"106002594",1,2,1.38629436111989,2.15176220325946,1
"106034892",0,2,2.51769647261099,1.33500106673234,1
"106055651",1,2,3.55248682920838,1.94591014905531,1
"106050902",1,1,1.52605630349505,0.53062825106217,1
"106064794",1,1,4.02356438016105,2.61006979274201,1
"106065887",1,1,2.82731362192903,1.79175946922805,1
"106062194",1,2,0.993251773010283,1.50407739677627,1
"106075181",1,1,0.8754687373539,1.16315080980568,1
"106082491",1,2,5.08202529018293,1.38629436111989,1
"106091673",1,1,5.76330845397023,1.6094379124341,1
"106084800",1,2,7.87914007316586,1.7404661748405,1
"101147700",1,1,1.06471073699243,1.79175946922805,3
"106103972",1,1,2.36085400111802,1.02961941718116,3
"106104858",1,2,4.2076732475291,2.19722457733622,1
"106113030",0,1,9.0441677169216,1.09861228866811,1
"106118323",1,2,8.21727658129611,2.94443897916644,1
"106103383",1,1,0.78845736036427,1.50407739677627,1
"106109044",1,2,1.6094379124341,0.182321556793955,2
"106128795",0,1,0.8754687373539,1.09861228866811,1
"100370138",1,1,1.1314021114911,1.6094379124341,1
"102091745",1,1,3.11351530921037,2.19722457733622,1
"103045648",1,1,0.955511445027436,1.87180217690159,1
"106149813",1,1,2.01490302054226,1.75785791755237,1
"106131410",1,2,10.3400313428816,2.2512917986065,13
"106136978",1,2,2.55722731136763,-0.510825623765991,2
"106149664",1,2,11.1666194347051,2.56494935746154,20
"106145914",1,2,4.28771595520264,1.70474809223843,2
"106131290",1,2,1.94591014905531,1.70474809223843,1
"106153524",1,2,7.66743898334233,2.56494935746154,3
"106180555",1,2,7.94090417450594,2.79728133483015,1
"106158969",1,2,3.96840333886425,2.00148000021012,1
"106174529",1,2,11.1610831109504,1.79175946922805,4
"106167387",1,1,8.42021962895772,1.79175946922805,1
"106191324",1,1,9.68846096932387,1.54756250871601,2
"106182993",1,1,9.51653747842568,1.87180217690159,1
"106194509",1,1,5.11439452838711,2.30258509299405,1
"106177128",1,1,5.18402822014591,1.38629436111989,1
"106215734",1,1,3.75185425327532,1.02961941718116,2
"106196772",1,1,0.832909122935104,1.25276296849537,1
"106222523",1,2,2.10413415427021,1.87180217690159,1
"103535213",1,2,3.51452606696916,2.41591377830105,20
"106229652",1,2,6.91562423736083,2.484906649788,1
"106241067",1,2,1.43508452528932,2.19722457733622,20
"106246761",0,1,2.02814824729229,2.19722457733622,1
"106252043",1,2,1.97408102602201,1.09861228866811,1
"106253712",1,1,1.45861502269952,1.56861591791385,1
"106254627",1,1,0.741937344729377,0.993251773010283,1
"106260213",1,1,0.8754687373539,2.27212588550934,1
"106266233",1,1,3.2846635654062,2.01490302054226,2
"106282372",0,1,3.15700042115011,1.43508452528932,1
"102379276",0,1,1.80828877117927,1.09861228866811,1
"106286022",1,2,0.641853886172395,2.30258509299405,1
"106289333",1,1,3.83945231259331,1.68639895357023,1
"103991585",1,1,0.741937344729377,0.741937344729377,1
"104452641",1,1,0.336472236621213,1.38629436111989,1
"101552308",1,2,3.14845336057165,0.8754687373539,1
"106311515",1,1,2.16332302566054,0.916290731874155,1
"106324861",1,2,0.741937344729377,1.87180217690159,1
"106353395",1,1,3.6609942506244,2.39789527279837,1
"106346797",1,1,1.64865862558738,1.38629436111989,1
"106357566",1,2,10.4508716951124,2.484906649788,1
"103668371",1,2,0.955511445027436,1.09861228866811,2
"106353955",1,2,8.58120032139053,1.25276296849537,1
"106354598",1,2,1.28093384546206,1.6094379124341,2
"106383019",0,2,9.29567367512046,2.01490302054226,2
"106373443",1,2,8.56222391679054,1.30833281965018,1
"102885032",0,2,1.90210752639692,1.22377543162212,2
"103827662",1,1,1.6094379124341,1.16315080980568,1
"106392013",1,1,1.91692261218206,-0.22314355131421,2
"106368458",1,2,8.8194140614891,0.78845736036427,3
"106397791",1,1,6.23754306970469,1.50407739677627,4
"106400390",0,2,0.8754687373539,1.6094379124341,1
"106418230",1,1,6.85625143611502,0.78845736036427,1
"106402631",1,1,4.87137322676275,1.09861228866811,1
"106421049",0,1,6.83722551279161,2.19722457733622,1
"102464822",1,1,0.641853886172395,1.45861502269952,2
"106431783",1,2,11.8667322998135,2.67414864942653,3
"106428369",1,1,1.02961941718116,1.28093384546206,1
"106436173",1,1,1.1314021114911,2.07944154167984,1
"101264078",1,1,1.70474809223843,2.17475172148416,1
"105696671",1,1,1.7404661748405,1.38629436111989,1
"101704415",0,2,1.25276296849537,0.405465108108164,2
"106470032",1,1,7.3803181306228,2.58021682959233,2
"101492701",1,1,2.70136121295141,1.75785791755237,1
"102355300",1,1,6.12007761457596,0.405465108108164,5
"106490902",1,2,7.80657426494425,2.91777073208428,3
"106476230",1,2,2.55722731136763,1.94591014905531,1
"101235146",0,1,1.6094379124341,0.693147180559945,1
"106485344",0,1,2.18605127673809,1.50407739677627,1
"106514671",1,2,9.34369924972087,1.94591014905531,1
"106511315",1,2,10.2492840400464,2.99573227355399,20
"106525592",1,2,1.7227665977411,1.38629436111989,1
"106529637",0,2,13.2253729317169,2.63905732961526,2
"106523879",1,2,12.4754239819222,2.89037175789616,2
"106538262",1,1,3.29953372788566,2.89037175789616,3
"105957336",1,1,0.693147180559945,1.38629436111989,3
"106540551",1,1,1.25276296849537,1.7404661748405,1
"100195261",1,1,0,-0.105360515657826,1
"106532404",1,1,0.587786664902119,0.587786664902119,1
"106561239",1,2,3.84374416467485,3.02042488614436,20
"106519113",1,2,1.79175946922805,1.64865862558738,2
"106503556",1,1,1.33500106673234,0.693147180559945,1
"106542902",1,2,1.43508452528932,1.79175946922805,4
"106563897",1,1,1.3609765531356,2.2082744135228,2
"106537616",1,1,2.56494935746154,1.33500106673234,1
"106546814",1,1,1.80828877117927,1.50407739677627,1
"106563596",1,2,0.405465108108164,1.38629436111989,1
"106563114",1,1,3.57234563785798,0.693147180559945,2
"106572121",0,1,10.4519759457218,2.35137525716348,2
"106570440",1,2,10.7277638676077,2.77258872223978,4
"106578141",1,1,2.56494935746154,1.16315080980568,1
"106575144",1,1,4.74232002413533,2.31253542384721,2
"102890247",1,2,2.4248027257183,-0.356674943938732,1
"104510279",0,2,4.34380542185368,1.09861228866811,1
"106575500",1,1,6.32829386282601,1.6094379124341,6
"106598273",1,1,2.3887627892351,1.58923520511658,1
"106605328",1,1,12.7587345972063,2.19722457733622,1
"106591115",1,1,4.91044656684082,0.470003629245736,4
"106582551",1,1,1.02961941718116,1.70474809223843,1
"106589570",1,2,2.07944154167984,1.1314021114911,1
"100471011",1,1,1.28093384546206,1.33500106673234,1
"105970096",0,2,0.53062825106217,0.587786664902119,1
"106621027",0,1,7.79523492900217,2.21920348405499,10
"104854087",1,1,2.4248027257183,1.6094379124341,1
"103140569",1,2,0.832909122935104,1.6094379124341,1
"104734547",1,2,NA,2.52572864430826,10
"106638670",1,2,1.41098697371026,2.19722457733622,4
"106616139",1,1,1.56861591791385,1.66770682055808,1
"106645582",0,1,1.19392246847243,2.30258509299405,1
"106625366",1,1,10.9307094551175,1.50407739677627,1
"106665504",0,1,9.44756038341757,2.19722457733622,1
"106656791",0,1,1.79175946922805,1.16315080980568,1
"106620293",1,1,1.1314021114911,0.262364264467491,1
"106657871",1,1,0.8754687373539,0.470003629245736,1
"106634962",1,1,6.68959926917897,0.8754687373539,9
"106645553",1,1,2.45958884180371,2.56494935746154,7
"106670337",0,2,11.3608389865459,2.07944154167984,3
"106642103",0,1,1.02961941718116,0.336472236621213,1
"106656788",1,2,12.0095795450871,2.484906649788,1
"106616508",1,2,5.54478674316574,1.64865862558738,1
"106657525",1,1,4.77744140692854,1.45861502269952,1
"103972591",1,1,1.45861502269952,0.8754687373539,1
"106635026",1,1,2.70136121295141,1.09861228866811,1
"106662785",0,2,2.12823170584927,0.641853886172395,1
"106711762",1,1,0.832909122935104,0.693147180559945,2
"106693123",0,2,2.15176220325946,1.19392246847243,2
"106687391",1,2,0.336472236621213,1.1314021114911,1
"106697365",1,1,1.1314021114911,0.741937344729377,1
"102551489",1,1,1.41098697371026,0.405465108108164,1
"106730691",1,2,4.31348009213877,2.39789527279837,1
"104667601",1,1,1.19392246847243,0.587786664902119,1
"106744425",1,1,2.04122032885964,1.6094379124341,1
"106750642",1,1,5.7847478334793,0.336472236621213,2
"106759779",1,1,7.32659718413194,2.05412373369555,1
"106760027",1,2,1.48160454092422,2.07944154167984,1
"106771647",1,1,4.00186370942794,0.916290731874155,1
"102426514",1,2,4.67656018207476,1.50407739677627,4
"106797090",0,2,2.33214389523559,1.94591014905531,13
"106781886",1,1,1.66770682055808,0.993251773010283,1
"104019233",1,1,0.405465108108164,1.87180217690159,1
"106356596",1,1,5.23856736214226,1.87180217690159,1
"105075797",1,1,1.90210752639692,0.955511445027436,2
"106805665",1,1,1.87180217690159,1.84054963339749,10
"106803890",1,2,1.06471073699243,2.50143595173921,1
"106803971",1,2,3.68135118769314,1.56861591791385,10
"106797773",1,1,0.470003629245736,2.01490302054226,1
"100812395",1,1,3.10458667846607,1.56861591791385,1
"106821487",1,1,1.22377543162212,1.70474809223843,2
"106815134",0,1,1.33500106673234,1.50407739677627,1
"104920160",1,1,1.80828877117927,1.30833281965018,1
"106215857",1,1,2.01490302054226,0.8754687373539,1
"106819156",1,1,2.68102152871429,0.832909122935104,2
"106827258",0,1,1.98787434815435,2.21920348405499,1
"106811853",1,2,1.02961941718116,1.48160454092422,1
"106841276",1,2,15.6050976693307,2.56494935746154,2
"106670612",1,2,4.48751214251986,0.741937344729377,1
"106825700",1,1,1.70474809223843,2.01490302054226,1
"102134628",1,1,1.79175946922805,-0.105360515657826,1
"106344508",1,1,1.7404661748405,0.587786664902119,1
"106855880",1,1,1.97408102602201,2.26176309847379,1
"106843724",1,1,8.96160974565934,1.87180217690159,2
"106834704",1,1,2.82731362192903,1.68639895357023,1
"106855521",1,1,5.24544387694097,1.7404661748405,1
"100359793",1,1,1.94591014905531,2.58776403522771,1
"106860448",1,1,2.92852352386054,2.77258872223978,1
"101644986",1,2,1.7227665977411,1.70474809223843,1
"106864897",1,1,2.01490302054226,2.07944154167984,1
"106860150",1,1,1.45861502269952,1.38629436111989,1
"106859763",1,2,2.95491027903374,1.50407739677627,1
"102736495",0,2,2.47653840011748,2.57261223020711,5
"106872245",1,1,8.8939844389398,1.28093384546206,1
"104582427",1,1,1.06471073699243,0.741937344729377,1
"106906289",1,1,11.5514440085832,2.11625551480255,3
"106911559",0,1,2.18605127673809,2.63188884013665,1
"106876128",0,2,2.89591193827178,1.09861228866811,3
"106913227",1,1,3.11794990627824,2.02814824729229,2
"101180660",0,1,1.54756250871601,1.09861228866811,1
"106915306",1,1,2.85070650150373,2.64617479738412,1
"106913421",1,2,2.54944517092557,-0.22314355131421,1
"106906124",0,2,9.47974135899965,1.50407739677627,1
"106946090",1,2,9.47828901473757,2.99573227355399,1
"104419011",1,2,0,0.832909122935104,1
"106971133",0,1,12.5553338253086,2.63188884013665,10
"100752565",1,1,1.7227665977411,1.30833281965018,1
"106962249",1,2,3.51452606696916,2.30258509299405,2
"106551362",1,1,1.38629436111989,0.470003629245736,1
"106980784",1,1,3.39114704580865,2.60268968544438,1
"106817019",1,1,1.22377543162212,0.693147180559945,1
"106198903",1,1,3.02042488614436,1.30833281965018,2
"106983244",1,1,0.53062825106217,0.0953101798043249,1
"106984492",0,2,11.84691676948,2.19722457733622,1
"106995232",1,2,1.41098697371026,2.30258509299405,1
"106998802",1,1,1.30833281965018,0.832909122935104,1
"107012473",1,1,0.53062825106217,2.39789527279837,1
"108510246",1,1,0.993251773010283,1.43508452528932,1
"106998284",1,1,7.02206562515955,1.70474809223843,3
"107027620",1,2,8.72391463503373,2.70805020110221,1
"107029725",0,2,6.15124222280037,0.916290731874155,1
"107036093",1,2,1.96009478404727,2.70805020110221,1
"107016194",1,1,7.12969810971983,1.90210752639692,2
"107020902",1,1,1.02961941718116,0.832909122935104,1
"107061000",1,1,4.8354879410503,2.70805020110221,1
"106554961",1,1,3.21486780347066,1.52605630349505,2
"107064285",0,2,6.59714570188665,2.83321334405622,1
"103437094",1,1,0.955511445027436,1.38629436111989,1
"107067554",1,1,8.98633394849484,2.70805020110221,10
"107067897",1,1,10.4918906940442,2.56494935746154,10
"107011144",1,1,1.52605630349505,1.6094379124341,1
"107050260",1,2,3.29583686600433,1.94591014905531,10
"107054868",1,1,2.04122032885964,0.405465108108164,1
"106268095",1,2,1.64865862558738,1.09861228866811,2
"104576608",1,2,1.09861228866811,1.87180217690159,1
"107070059",1,2,2.70136121295141,1.50407739677627,3
"107084867",0,1,3.88977739648083,0.470003629245736,1
"106579988",1,1,0.693147180559945,1.50407739677627,1
"107085028",1,1,1.3609765531356,1.16315080980568,1
"107084113",1,1,6.86578679415964,0.916290731874155,1
"107091915",1,1,1.48160454092422,1.16315080980568,2
"107100534",1,1,NA,2.30258509299405,10
"107086768",1,1,NA,0.470003629245736,1
"107112166",1,2,12.1362830281541,2.77258872223978,1
"107094268",0,1,6.37553576252847,1.38629436111989,1
"107108251",1,1,2.83321334405622,2.07944154167984,10
"107112360",1,1,1.1314021114911,1.38629436111989,2
"100055152",1,1,1.3609765531356,1.09861228866811,1
"107111824",1,1,1.22377543162212,2.07944154167984,1
"107102875",1,1,4.67095792652609,2.70805020110221,1
"107125247",1,1,0.78845736036427,2.4423470353692,1
"107134348",1,1,8.74359542744537,1.70474809223843,2
"107053474",1,1,1.90210752639692,1.38629436111989,2
"104754420",1,1,1.1314021114911,0.262364264467491,5
"107152951",1,1,6.94051284322031,2.16332302566054,2
"104717357",1,1,1.54756250871601,0.78845736036427,1
"107158256",1,1,0.641853886172395,1.82454929205105,1
"107152469",1,1,3.61091791264422,0.641853886172395,1
"107159572",1,2,13.0641514676559,2.83321334405622,1
"103102785",1,2,2.04122032885964,1.30833281965018,1
"107158939",1,2,1.16315080980568,2.39789527279837,1
"106846336",1,1,6.55379094373638,1.19392246847243,1
"107165142",1,1,5.92104208281144,0.955511445027436,2
"107160862",1,1,1.22377543162212,0.693147180559945,3
"107175909",0,1,11.5963029139006,2.39789527279837,1
"107167661",1,1,2.04122032885964,2.01490302054226,2
"107160794",1,1,4.53367418428302,1.25276296849537,2
"101274233",1,1,0.641853886172395,1.68639895357023,1
"107164114",1,1,3.13983261752775,1.66770682055808,2
"101241350",0,1,7.54046219573067,1.52605630349505,1
"107179617",1,1,6.39826210044992,1.6094379124341,1
"105204652",1,2,7.53780290259877,2.23001440015921,2
"107181731",1,1,2.04122032885964,1.09861228866811,1
"107183661",0,1,8.69584134284388,1.25276296849537,2
"104822718",1,1,0.587786664902119,2.4248027257183,1
"107187654",1,1,3.53222564406856,1.22377543162212,1
"107196496",1,2,1.79175946922805,1.25276296849537,1
"107195905",1,2,0.955511445027436,2.54160199346455,1
"103220832",1,2,1.70474809223843,1.6094379124341,1
"107215377",1,1,6.28581185742852,1.87180217690159,1
"107203402",1,2,5.53890783146597,2.05412373369555,1
"104128661",1,2,1.70474809223843,2.4932054526027,1
"105894680",1,1,1.28093384546206,1.50407739677627,1
"107204003",1,2,6.64885500795581,1.56861591791385,1
"107200557",1,1,2.23001440015921,1.48160454092422,2
"107225613",1,1,0.53062825106217,1.30833281965018,1
"107236385",1,2,0.741937344729377,1.30833281965018,1
"107194935",0,1,2.04122032885964,1.16315080980568,1
"101215108",1,1,0.993251773010283,1.22377543162212,2
"106896166",1,1,2.23001440015921,1.38629436111989,2
"107241202",1,1,1.16315080980568,1.25276296849537,1
"107138030",1,1,0.8754687373539,0.955511445027436,1
"107251030",1,1,3.98154906807676,1.64865862558738,1
"107246045",1,1,0.78845736036427,0.0953101798043249,1
"107252961",0,1,5.41521111801954,2.05412373369555,1
"107268971",1,2,0.0953101798043249,1.09861228866811,1
"107265479",1,1,5.28675073017657,2.07944154167984,1
"107261237",0,2,3.02042488614436,0.8754687373539,1
"104225797",0,1,7.81278281857758,-0.22314355131421,2
"107269789",1,1,9.63879908920977,1.87180217690159,1
"107067334",1,1,5.33030041240109,0.641853886172395,1
"107305300",1,1,8.89878901457346,2.56494935746154,1
"104980922",0,1,9.0721926260846,0.693147180559945,1
"107307858",1,2,8.79999336677641,2.83321334405622,1
"107295119",1,2,1.6094379124341,1.30833281965018,2
"107302688",1,1,1.68639895357023,1.50407739677627,1
"107292183",1,2,10.2241533806176,2.484906649788,1
"106794543",0,1,0.587786664902119,0,1
"101217834",1,1,7.38789486541576,2.30258509299405,2
"107309089",1,1,1.16315080980568,1.50407739677627,2
"107318795",0,2,9.95536817441312,2.39789527279837,2
"107300473",1,1,1.70474809223843,0.916290731874155,1
"101658406",1,1,0.993251773010283,1.16315080980568,1
"107330184",1,1,9.64663208673638,2.484906649788,1
"106889076",1,1,0.8754687373539,1.09861228866811,2
"107313127",1,1,4.78498861256393,1.70474809223843,1
"107318711",1,1,1.50407739677627,2.19722457733622,2
"107291728",1,1,1.56861591791385,1.22377543162212,1
"107352340",1,2,2.60268968544438,3.13549421592915,20
"107332276",1,2,3.7954891891722,2.30258509299405,1
"107336696",1,1,2.96527306606928,0.182321556793955,1
"107353831",0,1,1.94591014905531,0.405465108108164,1
"107334148",0,1,4.39814601655377,0.741937344729377,1
"107357688",1,1,5.68357976733868,1.09861228866811,4
"107366925",1,1,0.693147180559945,2.14006616349627,1
"107388217",1,1,11.9028287807166,2.70805020110221,1
"107030963",1,2,0.641853886172395,0.741937344729377,1
"107397978",1,1,7.81706167708185,2.87919845729804,1
"107352159",1,1,11.5372277574932,2.07944154167984,1
"107364435",1,1,2.82731362192903,1.25276296849537,2
"107378777",1,1,0.470003629245736,1.41098697371026,1
"107382190",0,2,1.30833281965018,0.955511445027436,1
"108574635",0,1,5.07517381523383,0.53062825106217,1
"107386662",1,1,2.28238238567653,1.50407739677627,1
"106512479",1,2,2.79116510781272,0.587786664902119,2
"106187697",0,1,1.50407739677627,0.916290731874155,1
"107413645",0,1,0.8754687373539,0.587786664902119,1
"107430822",1,1,1.50407739677627,2.07944154167984,1
"107427372",1,1,0.741937344729377,1.88706964903238,1
"101738931",1,1,4.24420031776648,0.832909122935104,1
"107452936",1,1,8.76639427704974,2.14006616349627,3
"107473148",1,2,9.59060390466103,2.30258509299405,1
"107452240",1,2,1.38629436111989,1.09861228866811,1
"107450860",0,1,6.51722804323818,0.916290731874155,1
"105751901",1,1,2.02814824729229,2.2512917986065,1
"107473818",1,1,0.8754687373539,2.39789527279837,2
"105894910",0,1,5.0166173657738,0.993251773010283,4
"101264887",1,1,1.70474809223843,1.91692261218206,2
"107480377",1,1,0.405465108108164,0.693147180559945,4
"107302947",1,1,3.57794789340665,1.02961941718116,1
"105206731",1,1,3.6609942506244,1.25276296849537,1
"107441196",1,1,1.02961941718116,0.78845736036427,1
"107507632",0,2,6.33221334049646,2.35137525716348,3
"107506688",1,1,2.14006616349627,0.741937344729377,2
"107513464",1,1,1.48160454092422,1.38629436111989,1
"107159721",1,1,2.23001440015921,2.14006616349627,2
"105447396",1,1,7.10889859001668,2.65324196460721,1
"107507195",1,1,1.41098697371026,1.85629799036563,3
"107368842",1,1,5.84730545140838,0.693147180559945,4
"107529416",1,1,0.262364264467491,1.43508452528932,1
"107530421",1,2,8.10666528896561,1.43508452528932,2
"107540822",0,1,13.8094572737512,2.70805020110221,1
"106046039",1,1,1.41098697371026,0.262364264467491,1
"107531721",1,1,12.7090666823192,2.45100509811232,1
"107534980",1,1,1.91692261218206,2.99573227355399,2
"107546460",1,1,1.38629436111989,2.14006616349627,1
"107560721",1,2,3.29212628660779,2.39789527279837,1
"107412086",0,1,1.85629799036563,1.70474809223843,2
"107561128",0,1,4.3425058765116,2.63905732961526,10
"107543557",1,1,11.2920031947834,2.45100509811232,6
"107564769",1,2,3.60549784517489,1.87180217690159,7
"107540819",1,2,0.8754687373539,2.07944154167984,1
"107557572",1,1,4.61214579972452,1.94591014905531,1
"107544242",1,1,1.54756250871601,1.09861228866811,1
"107558940",1,2,1.58923520511658,0.587786664902119,1
"107581946",1,2,5.53694048871063,2.60268968544438,2
"107540482",1,1,0.916290731874155,0.262364264467491,1
"107331853",1,1,1.50407739677627,1.25276296849537,2
"107554478",1,1,1.96009478404727,1.41098697371026,4
"102629832",1,1,2.96010509591084,1.66770682055808,1
"107554216",0,2,3.03013370027132,1.3609765531356,2
"107572942",1,1,3.44041809481544,1.09861228866811,2
"106109264",1,2,0.0953101798043249,0.741937344729377,1
"106830096",1,1,1.79175946922805,1.25276296849537,1
"101915408",1,1,-0.693147180559945,-0.22314355131421,1
"107571299",1,1,3.81990771652034,1.09861228866811,1
"107586925",0,1,2.58776403522771,0.741937344729377,1
"107603316",1,1,1.33500106673234,1.7404661748405,1
"107596740",1,2,2.45958884180371,2.2512917986065,7
"103155790",0,2,4.86368088113959,2.2512917986065,20
"107570711",1,1,NA,1.75785791755237,1
"107593507",1,1,1.85629799036563,0.832909122935104,1
"107602566",1,3,4.3554259528767,2.2512917986065,1
"107620687",1,1,2.30258509299405,1.09861228866811,1
"107576427",1,2,6.51899978443692,1.16315080980568,1
"107609349",1,1,2.02814824729229,1.62924053973028,7
"107621848",1,2,10.8272463290178,2.60268968544438,1
"107571956",0,2,2.9338568698359,0.741937344729377,1
"107628841",1,2,1.97408102602201,2.30258509299405,1
"107607626",1,1,0.78845736036427,1.3609765531356,1
"107632536",0,1,1.64865862558738,1.09861228866811,1
"107625527",0,2,6.26852794041162,1.38629436111989,1
"107611719",1,1,1.56861591791385,1.25276296849537,1
"101483833",1,1,1.19392246847243,0.832909122935104,1
"107636600",1,1,1.41098697371026,1.33500106673234,1
"107652192",0,1,1.48160454092422,1.25276296849537,1
"107652642",0,2,1.25276296849537,1.06471073699243,1
"107660210",1,1,NA,1.09861228866811,2
"102599166",0,2,5.04600243793355,1.54756250871601,16
"107679117",1,2,5.09190801422499,2.32238772029023,6
"106757357",1,2,1.48160454092422,0.587786664902119,1
"105486108",1,1,0.916290731874155,0.0953101798043249,1
"107660388",0,2,1.7227665977411,1.48160454092422,1
"107680407",1,2,1.16315080980568,2.484906649788,1
"100948528",0,2,5.55759996447812,1.7404661748405,1
"105209754",1,1,0.741937344729377,1.70474809223843,1
"107698651",1,3,1.33500106673234,2.99573227355399,1
"107688580",1,2,2.18605127673809,1.94591014905531,2
"107699485",0,2,11.61408215693,2.30258509299405,1
"102223885",1,1,3.85439389259151,-0.105360515657826,1
"107704082",1,1,1.16315080980568,2.01490302054226,1
"107703339",1,1,0.832909122935104,1.16315080980568,1
"107729850",0,1,7.87826900946633,2.63905732961526,1
"107706048",1,1,1.70474809223843,0.641853886172395,1
"107730810",1,1,1.6094379124341,2.07944154167984,1
"107743739",1,2,11.3998049180009,2.4423470353692,10
"107742303",0,1,10.3090093257055,2.89037175789616,2
"102921983",1,1,NA,1.30833281965018,1
"100011361",1,2,8.88785979398171,2.46809953147162,2
"100778138",1,2,4.254193263164,2.39789527279837,1
"107748873",1,1,1.1314021114911,0.182321556793955,1
"107741728",1,2,1.22377543162212,1.22377543162212,2
"107767553",1,1,10.0233439927585,2.11625551480255,2
"107765762",1,1,0.993251773010283,1.70474809223843,2
"107747405",1,1,1.68639895357023,1.50407739677627,1
"107766046",0,2,1.48160454092422,0.53062825106217,2
"105938025",1,1,4.40915530206213,1.68639895357023,2
"107783799",0,1,3.41444260841218,0.53062825106217,1
"106799425",1,1,NA,1.25276296849537,1
"105031414",1,2,3.12236492448736,2.77258872223978,2
"107795033",1,1,NA,1.70474809223843,1
"107801998",1,1,NA,0.993251773010283,1
"107788024",0,1,10.9108138866662,1.70474809223843,1
"104372747",0,1,0.993251773010283,1.09861228866811,1
"103903117",1,1,5.15329159449778,2.01490302054226,1
"107724004",1,2,5.99992862552011,1.38629436111989,1
"107796139",1,2,7.40707496256193,1.56861591791385,1
"107817623",1,1,1.43508452528932,2.11625551480255,1
"107828955",1,1,3.44041809481544,2.4248027257183,1
"107808807",1,1,2.30258509299405,0.8754687373539,4
"107836895",1,1,1.45861502269952,1.25276296849537,1
"107844719",1,1,7.18356717886343,0.832909122935104,2
"107839193",1,1,2.36085400111802,1.62924053973028,1
"103000609",0,1,4.18357569595004,1.33500106673234,1
"107526998",1,1,2.76000994003292,2.00148000021012,1
"107853742",1,2,1.43508452528932,1.1314021114911,3
"107849455",1,2,0.693147180559945,1.19392246847243,2
"107858844",1,1,1.1314021114911,1.82454929205105,1
"107860528",1,1,1.58923520511658,0.993251773010283,1
"107868261",1,1,1.06471073699243,1.38629436111989,1
"107876059",1,2,8.95239831511928,0.955511445027436,2
"107893977",1,2,9.16133918554312,2.70805020110221,1
"102924922",1,1,1.3609765531356,0.641853886172395,2
"100521877",1,1,0.693147180559945,0.78845736036427,1
"107893003",1,1,1.16315080980568,0.8754687373539,1
"108530792",1,1,NA,1.62924053973028,1
"107876978",1,2,1.06471073699243,0.78845736036427,1
"107897274",0,2,3.98898404656427,0.955511445027436,1
"107478318",1,1,1.25276296849537,1.19392246847243,1
"107912573",1,1,2.12823170584927,0.993251773010283,2
"107935864",1,2,1.52605630349505,2.484906649788,1
"107915376",0,1,0.993251773010283,0.832909122935104,1
"103273436",1,1,3.92197333628131,1.6094379124341,1
"107950616",0,2,2.40694510831829,1.38629436111989,1
"107950072",1,1,0.8754687373539,1.02961941718116,1
"107956199",1,1,1.75785791755237,2.30258509299405,1
"107902703",1,1,5.52066059769148,1.09861228866811,1
"107957907",1,1,1.43508452528932,2.01490302054226,3
"107965384",1,1,3.54673968695281,0.693147180559945,1
"107958333",0,1,7.61942976415597,2.484906649788,1
"107955048",1,1,7.16904204007439,1.43508452528932,3
"107966503",1,2,1.7227665977411,0.832909122935104,1
"107972597",1,2,0.693147180559945,0,1
"108647973",0,1,6.08791044537623,1.56861591791385,1
"107975743",1,1,1.25276296849537,1.48160454092422,1
"106447586",0,1,1.22377543162212,1.30833281965018,1
"107332373",1,1,6.33930054237951,1.28093384546206,2
"107990113",1,1,1.50407739677627,0.993251773010283,1
"107984462",1,2,5.48313580354058,1.1314021114911,6
"106054814",0,2,1.68639895357023,1.19392246847243,1
"108016520",1,2,0.693147180559945,2.99573227355399,1
"108010296",1,2,4.2297491992283,0.832909122935104,2
"108014807",1,1,2.12823170584927,2.17475172148416,1
"108017079",1,1,2.75366071235426,2.77258872223978,1
"108018337",1,1,0.916290731874155,1.80828877117927,2
"108003698",1,1,NA,1.09861228866811,1
"108024091",1,2,8.48910231124971,2.37954613413017,6
"108031330",1,2,4.64918707140487,1.79175946922805,2
"108023665",1,2,0.78845736036427,1.50407739677627,1
"108040923",0,2,1.30833281965018,2.70805020110221,1
"108045410",1,1,3.8155121050473,1.38629436111989,1
"108034201",1,2,0.741937344729377,2.21920348405499,1
"108040952",1,2,0.741937344729377,1.79175946922805,1
"108034175",1,1,8.12958764760884,2.30258509299405,1
"108037570",1,2,6.64183469831187,1.06471073699243,3
"108038265",0,1,4.33073334028633,1.68639895357023,1
"108045889",0,1,3.9740583963476,1.50407739677627,1
"108042222",1,1,1.06471073699243,1.25276296849537,1
"108046257",1,1,2.72129542785223,1.6094379124341,2
"100793126",0,2,11.806188186592,2.56494935746154,1
"106319216",1,1,1.09861228866811,0.641853886172395,1
"108077378",1,1,4.97189446577983,2.07944154167984,1
"108081063",1,1,3.92197333628131,0.741937344729377,1
"108070621",1,1,3.29583686600433,0.262364264467491,1
"108092227",1,1,1.56861591791385,2.27212588550934,1
"106408570",1,1,0.693147180559945,1.25276296849537,1
"108104089",1,1,0.8754687373539,2.05412373369555,1
"108090957",1,1,1.70474809223843,0.405465108108164,1
"108110866",0,1,2.00148000021012,1.33500106673234,1
"108120953",1,2,3.49650756146648,1.62924053973028,2
"107393859",1,1,1.50407739677627,1.6094379124341,1
"108129006",1,2,1.25276296849537,1.50407739677627,1
"108130354",0,1,NA,1.87180217690159,1
"108113135",1,1,1.06471073699243,0.993251773010283,1
"108061821",1,2,5.76268011590369,1.7404661748405,2
"105142785",0,2,2.94443897916644,0.916290731874155,1
"101374625",1,1,1.3609765531356,1.79175946922805,1
"108155342",1,2,1.93152141160321,2.68784749378469,3
"108139737",0,1,NA,1.94591014905531,1
"104124885",1,1,3.32503602069659,0.262364264467491,1
"108160078",1,2,1.45861502269952,1.70474809223843,1
"108153739",1,2,2.66025953726586,1.94591014905531,1
"108162885",0,1,10.9872484363516,1.16315080980568,1
"108156794",1,2,4.38701417618492,1.84054963339749,1
"108185626",1,1,11.499549402995,2.41591377830105,1
"108189088",1,1,2.2082744135228,1.6094379124341,1
"108190695",1,1,8.02138753440663,1.62924053973028,1
"108193867",0,1,9.4981924299796,1.6094379124341,1
"100470274",1,1,1.02961941718116,1.79175946922805,1
"108196291",1,1,2.18605127673809,1.33500106673234,1
"108209900",1,1,3.54095932403731,2.94443897916644,3
"108198736",0,1,1.33500106673234,0.832909122935104,1
"108212984",1,1,2.59525470695687,1.7227665977411,2
"108180883",0,NA,NA,0.832909122935104,1
"108212968",1,2,1.75785791755237,3.68887945411394,1
"108221658",0,1,3.91002100275747,0.916290731874155,1
"107769289",1,1,1.09861228866811,0.405465108108164,2
"108240066",1,1,1.22377543162212,1.94591014905531,1
"108237943",1,1,0.8754687373539,1.1314021114911,1
"108249960",1,2,7.78434838399775,1.94591014905531,3
"108239860",1,1,3.58905911883173,1.85629799036563,1
"108259536",1,1,1.28093384546206,1.19392246847243,3
"108264945",1,1,2.24070968927596,1.19392246847243,1
"100566874",1,2,1.93152141160321,1.09861228866811,1
"108278070",1,1,1.7404661748405,1.25276296849537,3
"106899037",1,2,NA,1.16315080980568,1
"108287197",1,2,6.38805707671255,1.3609765531356,1
"108274582",1,1,0.78845736036427,0.405465108108164,1
"108292849",1,2,1.52605630349505,1.25276296849537,1
"108302506",1,2,1.02961941718116,2.50959926237837,1
"103880683",0,1,5.04148775757902,2.52572864430826,1
"108305794",0,1,7.97384437594469,1.38629436111989,1
"105049312",1,2,1.09861228866811,1.19392246847243,2
"108313650",1,2,1.87180217690159,1.85629799036563,2
"104382180",1,2,2.17475172148416,1.25276296849537,1
"103377662",1,1,1.66770682055808,1.56861591791385,4
"104903569",1,1,1.28093384546206,0.916290731874155,2
"108323116",0,1,6.33327962813969,1.98787434815435,2
"108329039",1,2,5.57972982598622,2.99573227355399,5
"108319748",1,1,9.87965581928278,2.30258509299405,5
"108321820",1,1,2.40694510831829,1.50407739677627,1
"108336763",0,1,9.5822486965555,2.39789527279837,1
"108334956",1,1,4.95934199970871,1.38629436111989,1
"108332314",0,2,0.182321556793955,1.84054963339749,1
"104449104",1,2,NA,1.50407739677627,1
